101029172809291256684
101081293597420818521
101133370205855214574
101554810067573465188
102696694441038155581
103571430152567938201
103905356582484957031
104429014557946457297
104677130971972242116
104722192553156032342
105001774554125350573
105546692765349089349
105834374415989115456
105903161199436747959
105993659200421430795
106417138946462007136
106544071012044888615
107026682988557322800
107251710981526071745
107441534712327298176
107906920365027150030
107908282189121161223
107918271886346017230
108283859816133840647
108503203044038425817
109359057853811569636
109372687463977895898
109786932504060105236
109921264788201300924
109968982248472835176
110466646951330161035
110734281998991549275
110924458697587200798
111145089997811587022
111600175384446646391
111911990668597627628
112055762968751083438
112257101088343221876
112363415509584132433
113128965256151763508
113378291229336388687
114506894549377065349
114808354236235302038
114989961392215814098
115369198428622572903
115726012155133393652
116187244490548245662
116225494196718293367
116734393601369423994
117267339819984285073
117377825951405540904
117381078706801359644
117987715048842786574
